153 171 168 153 147 162 159 159 155 167 158 148 152 157 151 168 198 201 178 126 119 123 128 132 135 142 114 128 164 191 213 190 139 132 131 136 130 131 132 132 143 143 142 150 145 142 137 145 140 139 138 138 134 135 143 153 132 130 130 127 130 140 130 134 134 145 179 210 205 168 115 98 153 195 204 171 138 133 137 134 133 133 134 134 133 132 146 145 147 145 147
147 167 167 149 151 164 148 155 157 167 159 155 165 151 163 206 204 185 140 112 119 120 122 123 147 139 127 118 133 179 195 211 185 131 139 143 145 136 137 146 130 141 140 150 142 142 136 141 138 137 137 136 133 134 140 148 136 135 129 128 132 139 138 135 141 167 211 209 184 144 113 118 166 199 206 177 148 133 134 133 137 137 138 139 133 133 141 142 141 149 168
160 166 183 142 154 164 155 173 156 158 152 160 165 168 204 203 195 162 122 116 117 121 128 133 143 146 152 122 124 145 175 193 205 192 152 135 133 125 126 135 128 141 147 145 136 142 136 136 135 134 134 133 133 131 134 141 133 139 130 137 129 137 138 154 192 207 207 199 159 123 117 136 169 197 205 188 147 138 138 132 137 137 138 139 133 137 136 139 130 140 162
148 157 169 162 151 167 162 157 145 153 149 153 160 203 212 188 163 129 120 122 131 133 136 138 145 146 162 157 111 121 151 177 201 209 196 137 130 131 131 132 138 144 158 139 133 141 136 133 133 133 132 131 132 129 131 136 147 149 125 126 124 136 129 181 212 212 203 167 131 103 110 127 162 188 202 197 137 143 147 133 133 133 134 134 133 138 130 136 148 150 159
142 149 147 171 149 152 158 152 156 146 155 158 195 212 206 172 134 117 126 125 130 148 148 138 158 159 161 163 135 116 126 160 184 200 210 191 149 127 138 133 137 145 142 145 139 134 129 144 143 138 132 130 132 133 134 134 148 147 122 130 125 148 187 209 203 200 180 138 107 108 119 132 148 182 206 204 139 135 139 132 135 136 138 139 137 138 140 141 139 142 146
152 160 155 162 151 152 159 147 159 159 179 198 211 204 183 123 114 122 123 130 130 148 140 166 165 150 147 158 161 127 114 131 162 183 196 211 205 171 145 133 135 165 143 131 131 133 133 147 139 132 131 137 130 129 144 132 136 173 158 152 178 200 206 204 190 176 133 103 107 111 120 128 141 178 203 200 150 140 139 132 141 138 135 133 135 136 138 139 139 142 146
154 158 159 162 174 161 153 151 158 174 191 208 200 166 127 112 119 119 129 129 139 166 160 162 167 147 144 159 159 147 129 116 127 156 177 195 204 207 211 192 198 179 128 124 128 134 134 144 136 133 133 134 134 125 136 127 146 198 209 209 209 210 198 190 157 129 103 111 108 115 120 122 129 171 199 196 172 154 150 146 139 137 134 132 132 133 135 136 139 142 146
148 144 157 171 191 194 180 191 202 218 203 188 160 117 110 119 116 125 127 152 161 145 155 149 162 151 153 166 148 148 145 141 116 118 148 170 189 207 211 211 212 194 158 139 131 137 133 136 135 141 136 121 139 124 133 163 200 209 214 211 201 197 176 140 114 97 101 104 109 117 121 118 122 166 196 193 193 163 145 135 131 132 133 134 130 131 133 134 139 142 146
144 156 161 176 213 218 218 212 202 198 171 137 109 114 108 112 126 153 161 160 144 147 156 145 163 151 154 165 164 153 151 154 135 117 115 135 157 180 183 186 201 204 203 186 145 141 136 132 144 147 150 153 167 172 187 210 212 211 199 182 172 164 129 95 94 99 105 110 113 120 123 122 117 148 190 205 197 143 134 140 130 130 130 130 131 128 130 135 133 141 146
159 161 176 203 213 215 210 200 179 150 119 103 110 106 110 135 158 143 156 146 153 141 146 155 149 152 170 166 159 155 151 155 153 134 121 114 117 134 149 162 175 187 204 203 206 205 202 200 207 207 208 209 209 205 207 199 192 173 154 146 124 98 87 83 88 96 107 114 111 117 119 116 123 139 182 201 197 135 132 132 135 135 135 135 132 129 130 136 141 142 140
187 204 217 209 209 203 178 149 119 104 99 106 104 126 129 129 137 138 155 133 146 151 150 151 156 167 169 153 151 159 150 156 155 139 136 122 122 115 127 142 152 158 175 178 195 198 202 205 206 206 207 207 195 188 170 166 137 124 105 92 70 89 90 88 85 93 103 110 110 118 124 124 127 124 170 197 203 155 143 134 136 136 136 136 133 130 131 137 144 139 135
212 203 203 191 174 129 99 101 101 104 104 101 124 131 125 126 138 139 138 150 146 154 148 152 157 176 160 157 146 161 150 157 161 138 142 133 129 144 158 142 123 125 140 146 163 168 175 180 187 178 167 159 145 135 136 141 144 144 146 150 141 147 153 150 148 142 133 127 120 120 115 107 112 96 145 180 197 177 146 131 132 132 132 132 133 130 132 138 141 135 133
176 154 121 105 82 84 92 102 109 101 105 117 113 109 115 129 127 132 137 151 138 157 147 158 169 164 150 154 150 150 149 148 159 138 142 125 132 166 174 165 142 124 119 109 117 118 123 129 124 128 129 134 139 150 165 176 177 170 190 191 188 190 193 195 193 182 173 171 154 139 122 105 106 101 117 169 197 197 165 132 137 137 128 131 129 132 135 136 135 135 135
127 149 173 172 182 173 165 164 166 162 154 146 141 136 134 137 139 137 142 139 135 170 147 157 169 155 153 147 150 150 149 148 159 142 138 134 154 192 198 182 140 137 136 128 105 96 84 75 96 135 151 167 188 191 196 199 209 209 207 206 212 210 209 208 209 211 208 201 199 185 156 143 127 93 92 154 185 203 202 156 129 134 129 133 136 140 137 128 133 133 133
195 214 214 210 211 205 201 202 202 208 206 198 198 192 178 165 149 133 136 145 137 164 146 172 158 147 151 148 150 150 149 148 156 149 136 143 168 200 204 190 131 147 140 124 124 104 112 143 163 179 199 211 209 208 207 206 199 211 215 211 197 196 195 194 179 189 198 199 209 201 196 181 144 137 103 101 161 193 201 196 140 135 128 140 137 139 139 137 131 131 131
223 217 218 219 219 214 213 217 216 218 218 218 213 219 215 204 203 186 154 137 127 160 163 178 142 146 146 158 150 150 149 148 151 157 137 146 181 200 201 199 130 142 139 144 131 139 158 176 194 207 206 213 206 197 185 176 163 171 188 171 157 159 162 165 159 155 156 161 171 194 204 203 181 165 147 106 130 167 199 204 201 163 133 143 152 138 132 138 130 130 130
213 197 166 155 163 165 178 170 210 192 170 189 198 202 217 220 220 214 202 181 151 135 170 159 141 149 146 154 151 155 153 147 149 151 146 154 181 203 200 188 131 142 140 142 148 176 185 210 209 200 179 179 174 168 160 155 160 161 176 149 154 149 162 157 153 150 148 150 158 164 175 201 205 198 174 147 130 148 184 200 205 211 188 177 140 131 136 135 128 129 128
156 167 158 151 160 153 146 150 187 161 145 165 160 155 175 192 194 219 215 206 200 162 143 144 140 140 151 151 151 154 152 147 149 153 148 154 176 198 195 184 137 142 142 156 184 197 210 207 179 179 159 168 162 166 160 147 159 157 160 154 146 149 155 158 141 148 153 148 150 155 159 177 201 209 199 177 150 138 157 179 201 207 209 198 134 129 129 128 127 133 132
146 155 154 160 158 149 154 161 173 173 152 165 150 161 167 150 152 167 205 220 218 200 173 134 138 133 151 145 151 151 150 147 149 155 150 153 169 192 189 177 131 147 165 190 203 207 208 178 162 159 145 150 150 156 153 142 156 149 152 150 151 147 145 142 145 135 147 149 142 150 152 163 200 209 206 194 177 148 143 148 174 201 202 212 172 131 129 133 132 134 133
160 162 151 149 156 163 156 164 174 153 157 159 161 161 166 160 162 147 155 191 216 209 199 169 136 133 145 142 151 150 148 147 149 156 151 153 165 187 184 173 137 164 185 204 208 215 195 155 153 146 152 154 146 145 143 143 152 142 157 141 146 138 147 139 144 137 148 135 140 153 158 168 179 185 197 206 196 173 150 126 144 172 196 207 211 177 126 135 141 130 129
149 173 158 161 161 151 170 158 178 162 155 155 158 166 170 155 173 151 159 153 189 214 218 200 178 141 123 159 150 158 145 148 160 156 160 152 156 173 182 170 163 192 198 206 195 186 175 153 149 154 146 148 139 144 145 141 146 143 159 151 145 141 133 145 136 137 137 136 141 143 155 174 160 160 166 191 200 195 173 141 111 140 178 193 203 209 197 154 145 124 128
164 165 163 172 160 167 168 151 169 165 154 174 159 168 165 163 162 163 156 154 154 191 223 213 201 174 140 138 147 144 160 144 159 169 186 169 150 160 170 169 193 208 208 180 165 152 159 166 144 137 143 140 138 142 144 140 139 153 151 146 143 133 140 140 134 132 132 134 133 146 159 150 148 154 155 169 182 205 195 163 140 101 145 169 198 204 210 205 184 143 126
157 175 174 165 154 171 170 159 152 163 156 167 163 167 168 164 160 160 150 161 157 160 218 217 221 196 172 121 133 149 155 150 171 171 203 190 150 161 159 182 203 205 179 156 154 151 157 152 153 139 138 137 136 141 142 138 143 142 153 137 140 134 139 134 137 131 131 137 141 154 137 145 147 153 154 167 172 198 211 190 147 115 90 132 161 184 197 200 195 185 165
150 180 166 163 162 168 168 161 164 153 159 174 165 160 180 163 158 154 154 161 148 168 210 223 214 219 199 166 126 149 156 152 163 200 195 195 167 154 177 193 211 177 163 153 147 144 149 143 172 157 136 140 135 140 140 137 150 130 149 135 132 139 133 134 144 134 134 144 156 153 135 142 142 142 148 173 178 178 210 206 167 141 81 63 105 140 161 178 171 168 163
153 166 162 173 164 163 167 169 172 158 156 169 167 163 168 170 157 169 152 155 156 182 175 169 216 216 215 193 161 137 173 180 201 205 193 186 171 165 195 209 195 162 152 150 152 139 146 142 158 148 146 140 133 137 140 141 134 139 150 137 136 134 126 133 142 127 143 140 149 133 143 139 141 144 150 157 161 171 195 213 188 150 106 67 91 99 106 124 127 138 147
158 154 158 173 162 163 173 167 165 164 163 161 169 171 160 164 162 159 174 165 173 167 173 151 160 210 216 208 185 152 158 204 204 189 176 162 162 179 198 209 174 156 150 150 143 152 148 138 148 138 161 139 137 138 140 144 144 138 144 149 133 143 140 141 144 154 154 151 145 142 137 135 146 139 146 161 156 166 181 199 207 175 142 90 118 122 106 96 93 96 130
165 163 165 173 167 165 167 171 170 157 155 166 166 162 170 164 159 173 165 179 166 157 153 161 149 169 210 219 211 175 138 177 181 173 153 142 168 196 205 190 158 157 151 150 147 145 156 136 145 140 144 151 143 138 140 148 152 144 143 159 132 143 139 140 151 162 143 133 135 135 133 149 146 139 146 161 158 168 172 191 215 184 153 116 123 123 120 131 118 121 154
155 175 165 159 162 173 164 173 167 158 156 163 172 171 161 155 163 167 166 172 154 163 157 146 162 154 195 212 210 200 166 137 147 134 107 138 186 207 211 162 156 165 153 148 152 144 144 145 141 147 142 143 148 139 140 151 153 152 147 162 150 147 139 146 149 150 140 130 135 136 134 141 141 144 150 157 152 163 158 178 216 199 154 130 117 114 115 137 138 160 184
155 158 153 162 165 166 165 172 161 156 157 163 161 166 162 175 162 168 161 164 159 162 164 161 160 151 157 214 218 210 187 126 88 76 77 166 196 205 188 149 141 147 150 148 145 139 147 142 145 144 145 145 153 153 130 150 157 167 164 163 150 157 153 150 142 154 136 138 138 135 143 140 131 156 144 143 147 153 159 171 207 204 162 139 100 86 105 138 151 183 200
161 155 162 161 156 167 157 171 160 158 159 162 166 161 161 174 169 163 157 163 163 163 160 157 162 155 156 175 201 209 198 152 75 74 111 168 198 212 173 147 149 153 154 150 146 145 151 151 145 145 145 145 156 161 137 138 154 156 173 170 156 164 164 143 146 148 135 139 139 136 143 140 135 138 143 162 146 159 158 166 200 209 172 143 79 65 102 146 174 204 207
173 159 161 160 163 174 152 161 159 161 162 160 159 157 167 174 157 156 165 170 164 161 158 157 152 170 155 149 203 217 205 166 100 66 135 183 202 215 171 153 154 157 155 149 144 146 144 146 146 146 146 146 143 156 151 150 164 174 166 180 187 182 167 156 150 144 136 138 140 137 144 141 145 142 151 149 152 167 162 181 204 212 175 147 77 70 126 169 198 203 183
154 173 171 166 171 163 174 160 158 164 164 160 167 166 169 153 155 159 171 160 159 157 158 162 157 154 162 155 198 221 212 182 127 71 153 190 206 214 182 165 156 157 153 146 156 157 143 144 147 147 147 147 143 150 154 158 167 180 176 199 192 202 163 152 150 144 140 135 140 138 145 142 155 140 152 144 149 159 156 195 216 213 171 148 93 98 162 192 201 185 166
159 165 167 163 167 163 153 162 165 164 170 169 161 175 165 154 163 163 160 163 162 165 153 156 160 156 151 147 178 215 218 186 136 98 164 193 208 201 185 155 163 163 162 161 158 158 154 149 142 143 146 148 148 159 155 178 192 187 194 208 215 202 174 148 141 136 138 133 139 144 141 146 149 150 157 167 164 164 171 199 219 209 195 149 95 128 175 199 190 159 161
154 161 167 169 170 168 162 174 163 166 163 166 176 159 158 157 152 156 171 166 156 158 156 159 156 153 150 147 166 218 215 195 144 111 171 197 199 185 164 158 156 153 148 146 159 155 153 154 152 153 156 158 150 147 158 167 203 201 208 219 205 203 188 169 163 155 165 158 145 149 145 149 142 150 149 166 149 153 157 182 211 211 192 142 100 160 199 197 176 156 160
156 158 164 171 179 164 157 180 163 164 171 172 167 159 161 155 160 164 154 158 154 153 157 154 146 145 144 143 158 219 213 196 156 130 179 203 203 172 152 148 153 145 146 155 146 144 144 147 149 151 153 155 161 167 187 181 202 205 212 218 215 196 170 151 151 159 151 160 145 150 147 152 150 150 138 146 150 146 160 168 200 213 188 134 139 177 200 200 163 152 149
162 158 159 166 179 191 197 212 186 167 180 161 157 159 155 165 170 152 151 158 159 151 154 146 150 151 151 152 161 217 213 190 164 143 185 207 199 161 162 145 154 144 141 148 141 145 148 147 151 152 155 156 164 164 182 204 205 211 217 220 216 184 161 161 147 152 152 158 142 147 143 147 147 142 139 141 140 152 146 163 191 214 185 127 157 192 207 185 158 149 137
158 164 166 164 173 217 224 223 218 221 183 153 152 160 162 158 161 162 154 160 156 152 149 149 157 151 150 153 170 214 223 200 161 143 183 209 198 158 147 152 151 144 142 146 142 148 148 144 150 155 150 160 175 176 174 206 212 207 227 208 202 177 167 162 154 151 155 149 144 148 144 137 137 141 150 140 147 149 148 175 193 214 170 140 179 198 211 189 155 151 139
170 175 178 175 201 226 221 222 219 222 201 170 164 167 168 166 162 170 163 161 154 160 161 158 153 160 151 166 212 220 217 202 161 146 186 210 176 154 152 151 150 146 143 144 148 151 152 150 144 154 154 152 168 171 186 195 207 209 214 215 195 182 160 160 156 149 152 147 137 141 143 141 143 153 147 147 145 158 154 174 198 193 151 149 186 200 203 186 173 146 139
150 156 158 156 172 222 226 214 222 219 216 181 169 165 163 164 157 156 148 156 153 150 152 157 151 158 149 164 220 222 216 204 161 151 192 210 160 147 149 148 147 148 146 141 151 139 140 153 145 139 145 151 157 173 199 194 191 194 190 211 195 186 164 159 152 143 149 152 153 148 143 142 148 154 146 146 149 151 162 171 211 189 150 168 195 198 185 171 164 163 146
153 159 161 158 169 195 206 228 225 215 221 178 163 155 151 154 150 155 148 148 154 153 150 146 152 147 146 148 191 218 221 205 162 155 195 211 158 139 141 144 146 150 147 140 147 152 152 149 147 147 157 152 163 161 170 183 173 171 168 197 201 187 178 160 166 145 141 139 147 141 140 146 150 144 146 138 165 160 168 188 211 190 154 172 200 194 166 153 156 152 159
162 158 158 163 175 159 168 201 207 209 179 175 171 159 152 154 156 149 156 149 158 154 156 155 154 148 148 138 191 221 214 199 153 149 184 213 172 146 147 140 140 142 145 147 146 149 149 146 144 153 145 145 149 159 161 167 168 162 155 169 192 164 170 174 175 165 139 143 142 144 135 143 141 144 156 150 165 167 184 201 203 173 155 186 202 177 161 155 149 147 143
151 159 167 169 166 160 166 174 167 185 163 169 165 160 155 153 151 153 153 155 156 155 167 149 152 156 161 148 198 221 215 194 152 133 193 207 184 145 142 143 142 144 148 150 154 151 151 154 145 142 138 144 145 151 159 153 158 167 166 170 167 159 167 153 161 167 150 149 143 144 140 142 142 148 154 148 153 162 177 196 206 171 165 194 203 171 160 154 149 146 142
166 172 170 163 161 155 165 160 160 177 160 156 161 158 156 155 158 148 160 149 149 149 144 150 158 150 150 142 206 222 217 187 130 124 171 198 183 144 141 145 146 148 151 154 154 151 151 154 146 139 141 143 141 150 157 145 152 166 164 164 164 153 164 156 149 161 149 150 146 135 137 142 150 147 143 152 151 164 176 204 203 161 173 199 204 163 158 152 148 145 141
167 159 156 159 159 151 168 163 152 166 166 152 161 154 153 160 165 157 152 144 150 152 142 152 148 149 154 144 212 222 218 182 124 120 168 197 207 165 149 137 149 151 154 156 146 149 149 146 147 145 152 142 143 159 155 144 154 159 152 154 156 148 160 154 146 150 138 145 146 153 159 141 150 150 141 149 160 172 182 221 197 149 174 198 204 157 156 150 147 144 140
153 150 152 158 160 157 157 162 148 152 168 155 155 154 153 153 161 157 152 148 143 146 145 139 151 139 150 148 215 219 209 169 115 102 159 184 211 181 146 148 162 162 151 157 142 143 150 143 144 149 148 142 139 158 155 140 145 161 154 145 162 160 155 155 146 149 147 141 147 147 158 158 162 153 147 147 159 162 199 224 190 135 174 196 197 164 160 154 147 141 139
154 159 160 156 162 160 155 152 153 148 164 160 153 153 152 151 153 153 154 155 153 147 145 149 151 142 144 178 220 219 208 152 105 103 140 174 204 200 186 177 155 153 147 148 142 144 151 144 150 149 146 141 151 157 139 146 150 145 150 145 156 158 141 154 145 149 149 144 151 151 149 167 165 166 161 153 163 182 226 213 160 136 170 208 196 159 153 149 147 141 139
149 156 161 159 157 161 156 145 154 150 165 161 151 151 150 149 149 151 155 157 149 144 142 145 145 152 147 213 223 214 186 131 106 108 122 155 191 209 201 163 156 152 152 147 143 145 152 145 150 147 146 147 158 149 146 146 151 154 160 146 149 156 155 141 144 150 152 149 144 145 143 160 157 168 177 180 188 208 217 200 142 107 169 199 201 157 148 147 147 141 139
162 153 146 145 147 159 158 145 150 155 170 157 150 149 149 148 151 152 153 153 150 153 151 146 147 139 175 225 222 208 155 120 119 114 116 139 169 206 210 155 148 144 148 138 144 145 152 145 144 142 148 157 145 157 148 149 151 151 143 151 152 162 150 149 143 150 154 153 144 145 156 155 151 154 165 177 214 219 217 167 109 86 170 196 209 160 149 150 147 141 139
154 151 150 149 160 150 157 146 153 150 151 155 161 151 150 157 152 155 147 147 149 146 152 154 153 177 217 217 214 171 130 121 125 126 119 123 163 181 210 186 158 153 151 153 148 153 151 144 150 145 157 163 152 147 145 148 145 148 152 155 151 164 145 145 145 146 147 149 150 144 145 152 166 154 161 188 218 217 203 164 57 52 168 198 208 184 153 151 148 140 141
158 150 160 157 165 158 152 157 153 149 150 155 155 146 145 152 154 145 142 159 148 151 160 175 192 229 218 226 197 148 121 124 122 127 120 121 135 175 194 211 174 159 151 155 151 152 151 147 151 148 158 159 153 147 146 149 147 148 151 152 150 159 147 146 145 147 148 149 149 151 152 151 154 160 168 200 218 201 177 126 81 43 163 189 203 205 188 177 172 174 163
158 152 157 162 162 163 151 156 150 150 151 152 155 145 144 151 148 152 148 153 142 145 146 170 223 222 222 199 184 136 122 125 126 135 128 124 123 146 179 208 210 177 155 156 155 152 150 151 153 152 160 155 154 148 147 150 149 149 148 148 149 153 149 147 146 148 149 150 158 149 150 160 156 170 190 212 216 196 152 149 109 77 135 181 208 196 175 174 154 159 154
148 155 145 166 162 152 146 154 145 153 154 147 158 149 148 155 155 152 144 149 141 150 154 190 220 222 205 179 146 117 127 131 132 145 138 131 124 133 153 186 206 205 186 160 158 151 150 154 154 156 161 152 154 149 147 150 151 149 147 145 149 149 150 148 147 148 150 151 157 156 156 159 169 178 213 216 186 158 167 159 129 110 124 175 197 184 162 161 163 153 152
143 168 160 171 156 154 149 156 163 149 145 151 164 166 155 152 154 156 153 155 153 149 183 218 221 218 193 156 122 120 130 129 134 135 137 138 134 132 135 158 181 205 215 188 160 150 158 156 157 163 165 156 148 147 150 156 152 147 147 150 156 146 162 146 151 153 147 154 150 162 162 168 182 211 214 204 166 164 180 171 166 157 124 158 185 195 162 153 153 150 148
158 162 181 172 148 148 145 153 162 153 151 155 157 156 147 151 147 153 151 155 143 196 220 218 217 206 158 133 120 121 134 135 140 142 143 144 138 135 128 136 159 193 205 208 201 170 155 155 176 158 152 150 150 148 151 157 150 146 145 148 153 156 161 152 158 156 149 158 167 171 176 196 213 204 207 173 150 150 180 181 186 179 156 154 190 199 179 155 156 154 147
161 168 174 168 152 154 153 163 155 153 153 154 150 155 147 148 147 154 141 172 209 222 218 215 201 180 138 130 127 125 135 134 131 132 134 135 129 139 133 129 135 160 181 203 209 208 203 205 187 147 155 149 152 150 153 159 154 149 149 152 152 162 169 158 156 152 150 168 175 208 220 220 213 187 180 147 141 147 151 191 204 199 187 160 181 200 195 163 155 153 147
153 158 165 157 150 154 154 166 145 148 149 150 142 162 157 148 154 150 182 222 224 217 218 208 169 141 129 135 136 130 134 128 138 139 141 142 145 139 127 131 123 127 156 177 199 214 214 221 210 181 155 157 153 151 154 161 161 156 156 159 154 160 182 159 159 159 166 193 206 218 216 217 182 170 147 141 138 152 150 169 209 207 198 172 162 198 199 171 151 148 146
193 196 176 145 146 152 148 153 152 143 157 148 151 165 209 189 203 219 227 222 225 212 188 169 136 115 123 134 136 139 137 131 137 137 137 137 134 133 131 130 123 116 119 153 170 177 210 220 222 223 203 174 162 157 167 171 167 163 158 155 165 184 204 202 210 214 213 226 219 213 197 182 156 142 141 147 147 151 158 163 213 217 211 193 158 176 197 198 169 174 159
219 228 215 187 174 149 152 145 146 145 161 160 188 219 224 223 220 224 223 218 209 194 162 132 120 120 130 134 139 137 139 145 139 138 136 134 133 132 130 129 127 124 127 142 150 162 163 183 209 211 214 217 217 215 218 208 183 181 177 175 201 220 224 223 225 220 222 210 205 184 160 148 144 140 133 143 152 152 163 180 209 224 218 204 158 158 185 200 209 200 155
224 221 220 222 222 215 193 203 208 212 222 225 218 228 225 222 222 218 208 197 179 154 130 122 106 140 148 134 139 137 139 145 142 139 134 131 131 130 128 127 131 122 139 163 169 159 143 159 170 190 206 210 217 217 223 214 222 222 221 221 224 219 219 218 211 195 188 178 156 145 135 133 147 143 149 149 164 159 164 176 197 226 223 214 193 149 165 191 196 200 161
212 215 221 225 221 219 226 223 219 221 220 221 226 225 208 218 203 188 169 158 138 131 128 128 147 144 135 146 136 139 137 131 144 140 133 129 130 128 127 126 126 122 138 142 136 120 114 94 98 133 169 182 187 187 203 212 217 218 220 221 204 198 208 172 166 165 145 135 136 142 143 139 144 149 150 153 152 159 168 175 183 223 221 216 195 144 157 173 199 202 200
180 189 198 201 202 216 220 217 212 213 213 212 202 198 189 181 162 145 131 130 141 136 129 144 157 143 141 136 139 138 135 134 135 141 140 126 128 124 124 126 123 120 129 145 130 137 161 148 145 125 117 126 121 143 156 167 177 193 182 179 170 157 152 142 136 123 136 138 135 142 144 148 149 155 149 157 160 159 166 169 185 227 217 220 210 182 145 158 179 197 206
92 124 152 163 169 171 182 181 182 185 178 168 163 165 154 136 132 128 127 131 132 135 130 129 143 140 143 136 138 137 134 132 135 132 131 139 128 128 140 158 167 168 178 192 185 185 193 180 188 185 180 177 165 148 115 102 112 111 123 127 123 115 124 129 127 131 134 146 135 142 157 151 152 157 155 156 161 162 160 177 206 229 222 224 214 180 142 147 161 188 198
135 116 97 88 91 119 130 133 133 135 134 132 122 122 123 127 123 139 144 134 138 133 140 147 135 144 151 137 136 135 133 131 129 132 122 130 144 164 182 186 200 203 209 216 209 210 216 214 203 204 203 202 199 190 172 171 151 116 92 104 119 112 124 132 135 146 150 135 151 157 148 151 165 159 157 154 156 158 176 178 177 211 228 217 213 183 143 124 129 167 191
191 176 167 170 144 105 85 91 97 96 109 128 116 128 137 137 141 140 139 140 144 143 148 134 141 154 158 134 135 133 131 129 126 127 126 163 183 195 207 212 214 218 221 222 224 225 223 227 226 222 220 221 221 218 202 198 196 184 164 117 113 115 132 137 143 153 148 161 160 148 153 162 158 156 167 164 168 166 165 174 168 190 221 215 208 190 148 103 110 140 165
224 212 212 205 185 180 154 123 103 91 94 133 167 168 165 140 161 148 138 145 146 148 146 143 145 137 147 136 131 130 129 129 135 155 177 189 197 218 217 226 221 221 222 222 225 222 222 227 222 231 224 225 222 223 218 213 204 204 190 171 122 109 147 151 165 149 161 148 150 168 168 172 169 160 152 155 164 165 167 168 176 177 211 212 209 190 144 84 115 145 159
216 226 219 216 214 208 195 181 159 117 107 142 153 146 126 121 160 140 149 142 151 143 141 147 141 131 138 134 127 127 134 143 169 185 202 209 222 221 224 216 209 200 188 180 176 169 175 176 188 211 224 227 223 230 225 222 221 220 211 197 173 141 144 189 184 160 157 172 169 164 154 154 158 152 158 157 165 164 162 161 164 167 206 210 208 182 135 81 130 166 176
186 193 200 220 222 222 217 209 188 169 142 115 126 125 129 129 153 144 150 144 151 143 141 147 136 136 138 131 139 130 148 181 195 206 214 216 221 231 202 166 161 161 160 160 158 167 151 167 156 161 189 215 213 209 220 224 223 221 217 212 205 182 163 156 184 164 164 158 160 161 166 163 164 168 159 158 161 160 159 158 160 164 203 207 199 167 126 85 141 173 177
159 153 155 145 177 202 218 216 215 201 184 152 120 111 157 119 144 158 139 150 147 147 146 143 141 139 137 138 144 154 179 204 212 218 221 219 218 176 161 150 159 156 152 149 163 166 157 169 166 176 188 172 165 167 153 195 223 221 220 221 212 201 192 184 157 153 148 157 167 152 157 156 153 159 165 160 152 155 159 162 167 168 202 203 187 154 121 93 155 176 177
167 157 157 150 151 142 190 224 222 224 218 197 163 135 125 115 141 159 149 148 143 172 139 141 130 142 138 136 157 187 198 212 226 223 228 226 175 163 160 170 152 155 154 157 158 159 169 160 169 172 175 156 168 170 161 164 169 211 223 220 221 219 212 204 183 156 139 154 150 151 152 157 158 154 154 166 156 160 165 164 168 176 195 192 175 131 108 101 149 159 164
152 150 144 155 150 152 147 211 219 222 222 216 205 177 142 128 163 170 155 151 154 150 141 132 131 130 128 144 179 195 215 214 222 222 195 195 168 157 161 160 154 153 157 157 167 159 159 160 174 162 168 179 171 155 159 163 154 172 204 224 222 220 220 223 204 188 149 139 151 146 151 148 149 149 162 158 158 155 149 158 159 176 187 175 176 134 123 141 166 185 200
161 156 147 155 147 167 144 184 192 189 214 220 214 188 175 145 174 191 154 169 155 149 139 136 130 127 136 168 191 212 220 225 210 158 162 153 166 169 154 148 156 151 161 156 166 162 156 161 159 172 172 169 159 164 171 158 177 164 170 225 224 224 223 219 217 198 178 136 135 151 148 143 146 151 146 156 148 154 165 159 169 175 174 175 164 154 166 198 199 211 218
155 151 160 159 159 160 168 176 139 156 161 200 223 220 201 170 137 197 210 221 192 139 127 137 128 136 158 196 215 215 224 207 152 165 175 157 156 167 169 157 158 149 164 156 155 166 161 163 161 168 158 159 156 175 172 169 156 160 168 179 167 198 222 225 221 216 202 172 134 132 143 155 149 151 150 138 150 149 148 153 160 175 166 159 167 189 202 217 221 218 203
155 161 156 160 159 157 172 144 155 155 138 152 188 222 214 193 162 151 202 212 214 194 171 161 148 158 183 207 224 223 207 162 163 154 148 148 154 172 174 159 153 162 151 166 158 160 163 164 164 170 161 164 162 160 162 166 157 157 170 157 157 151 173 224 223 218 216 191 150 132 142 137 154 150 150 142 149 146 147 150 165 171 163 178 193 214 219 216 200 179 163
157 157 157 172 153 166 169 138 164 157 136 138 136 203 222 207 182 149 162 189 196 188 181 189 163 179 202 218 220 201 157 148 155 148 143 144 150 146 152 166 154 158 165 161 163 163 163 162 170 175 167 159 159 169 167 155 155 164 156 166 152 156 155 181 222 223 215 201 181 137 129 136 142 155 153 150 141 142 147 152 166 173 193 213 222 203 165 162 147 155 155
163 169 163 163 158 171 143 148 154 149 142 143 142 154 222 213 198 158 135 137 163 157 159 154 169 192 212 218 219 153 141 161 150 145 143 146 158 150 150 158 162 157 167 160 162 164 166 167 166 172 177 170 161 170 167 153 158 166 155 162 154 145 153 143 200 227 217 210 192 157 135 133 129 136 137 144 139 140 150 163 166 196 218 218 215 165 152 152 158 155 163
160 170 167 171 167 158 143 146 152 146 144 141 144 152 195 226 215 188 152 100 87 93 86 134 175 204 222 220 218 157 153 162 151 147 147 151 154 141 145 165 168 163 161 159 155 162 170 176 177 172 178 169 161 160 163 167 171 154 160 156 168 161 159 153 169 227 220 213 214 172 131 123 124 128 135 128 132 154 167 165 195 224 222 224 171 141 146 171 147 154 150
161 182 158 166 173 149 151 145 150 154 148 145 142 147 166 218 213 193 164 112 50 63 66 152 190 206 217 217 169 146 149 145 143 142 144 162 160 143 156 150 156 150 155 157 160 160 164 171 175 167 156 162 167 166 185 173 161 158 160 166 162 162 166 165 162 217 220 221 217 184 149 127 131 129 128 123 135 141 175 199 217 224 218 215 160 144 145 151 149 149 149
162 168 172 155 149 147 143 143 163 151 153 149 159 155 153 191 225 209 183 131 68 64 100 170 205 215 217 211 167 146 138 153 138 138 139 153 144 142 142 145 150 168 156 151 156 162 169 170 186 175 159 162 174 175 168 165 162 165 162 156 148 167 169 166 167 183 232 220 218 205 171 114 115 125 125 122 134 172 200 218 221 195 156 157 166 150 155 147 149 149 149
167 172 164 158 156 148 145 151 148 143 132 144 154 158 153 148 220 221 199 154 99 116 130 174 211 217 215 205 136 131 137 142 130 134 132 139 138 136 148 141 136 157 164 155 155 163 170 172 188 177 161 164 169 173 161 169 154 162 166 164 162 153 158 160 161 163 226 225 217 207 173 129 112 124 118 126 159 204 221 217 186 159 162 161 150 160 146 146 149 149 149
177 181 172 157 146 142 159 154 146 139 146 155 142 144 144 134 200 220 202 168 114 126 138 177 206 213 211 201 134 135 122 127 125 130 126 129 123 135 135 136 139 148 138 158 154 159 170 181 179 172 160 166 182 169 157 155 164 159 159 163 163 161 164 175 149 160 226 223 220 215 163 125 103 115 121 154 197 218 226 198 156 155 157 147 144 161 160 154 149 149 149
182 170 158 154 149 166 148 152 148 146 145 144 145 147 145 145 179 227 213 180 126 92 142 182 197 199 198 195 137 125 123 123 116 121 123 120 124 126 130 132 134 137 132 143 156 174 170 168 181 170 174 175 177 169 168 159 167 159 151 151 162 157 150 163 157 168 222 230 220 216 189 116 99 112 133 180 216 222 207 166 153 157 145 149 147 151 158 162 156 155 154
173 165 159 160 162 164 150 156 151 150 148 148 150 136 138 141 150 214 215 188 127 66 146 179 189 197 189 136 114 124 144 141 142 153 163 165 160 154 146 140 142 136 131 138 150 164 167 174 185 169 173 179 173 166 167 160 163 154 153 153 159 155 160 155 172 190 225 224 221 214 187 128 99 109 162 197 219 221 176 155 156 153 151 148 156 149 151 160 153 155 158
185 175 166 163 159 155 171 146 146 145 144 142 148 147 148 165 192 226 213 190 122 76 143 171 182 185 177 129 144 157 176 186 192 195 193 187 199 193 185 179 176 170 160 141 139 153 171 173 184 173 177 178 164 159 162 157 165 161 156 160 171 161 160 151 148 154 186 226 223 213 185 145 99 126 186 215 223 185 146 156 158 165 149 156 155 148 149 159 163 161 157
176 170 167 169 157 152 157 149 150 149 147 146 153 154 160 161 154 204 207 189 138 76 139 171 180 171 169 178 180 209 204 203 209 217 223 224 215 218 221 224 207 199 199 183 161 152 141 169 179 180 184 173 169 165 171 167 170 165 167 170 152 149 145 160 163 158 171 220 224 212 183 157 88 162 203 215 209 153 153 153 152 152 146 146 145 149 156 160 160 161 162
168 178 176 164 162 156 158 152 151 167 158 152 155 135 144 143 127 161 197 188 143 80 137 165 176 193 203 200 215 224 224 221 219 225 226 223 223 222 222 222 225 222 217 203 199 183 172 156 161 178 173 169 164 166 174 181 162 147 158 157 154 154 158 157 158 164 162 222 224 214 196 164 93 181 212 223 193 155 155 151 155 155 155 155 153 151 149 147 154 157 161
169 181 181 167 169 163 165 159 163 162 149 139 144 156 148 127 123 131 185 179 133 101 169 177 206 219 224 217 227 219 222 225 220 208 198 195 197 203 211 217 219 222 220 223 224 213 209 199 166 167 166 164 163 152 147 153 154 156 151 156 156 152 148 162 163 166 171 229 224 216 196 160 105 189 218 217 159 150 154 151 153 153 153 153 156 155 155 155 152 157 164
170 176 179 177 173 167 169 163 160 146 139 134 144 136 135 142 126 119 186 178 154 182 199 219 222 222 225 230 224 221 220 198 162 159 162 168 155 157 160 162 173 195 219 223 226 219 219 212 203 186 159 163 149 150 153 154 154 150 154 152 156 145 152 157 155 156 169 225 224 218 197 153 140 195 215 209 156 163 153 152 152 152 152 152 149 151 153 155 157 160 164
205 186 176 180 171 165 167 161 159 141 148 153 141 130 136 124 119 117 183 173 181 209 217 223 220 227 215 191 176 172 183 166 164 166 163 156 159 160 162 163 149 153 193 192 196 200 217 222 220 210 204 163 148 146 151 160 152 153 142 157 149 152 151 153 151 150 170 224 224 220 196 148 158 213 221 188 151 162 147 159 150 150 150 150 152 155 159 162 166 165 162
194 170 168 172 171 168 153 150 147 146 152 137 133 135 132 124 119 125 174 192 195 213 224 225 207 185 169 156 155 154 169 162 158 156 155 154 152 163 153 150 160 160 180 171 174 163 181 217 221 222 218 195 174 143 142 150 153 159 153 151 139 142 147 153 147 150 169 219 219 212 184 148 165 213 227 202 156 156 152 151 161 150 155 152 162 163 157 167 165 166 167
186 175 175 169 158 158 148 149 147 143 139 142 136 132 121 112 115 149 185 207 216 220 220 200 165 166 165 158 158 142 176 158 154 156 159 161 159 155 155 165 164 171 160 166 166 160 163 174 201 211 223 214 194 164 141 145 143 161 160 170 165 142 148 146 137 153 173 229 224 215 181 142 172 214 224 222 189 163 163 155 167 160 162 164 164 156 163 164 160 159 159
184 180 183 173 158 159 148 149 148 131 142 136 127 123 121 122 136 184 199 225 220 228 188 167 153 169 145 152 152 149 161 161 153 151 148 146 159 151 157 163 159 174 152 162 161 164 165 165 169 197 225 220 223 190 169 137 131 145 156 162 164 158 170 160 148 168 208 229 224 212 171 129 177 214 221 205 165 146 155 153 160 164 170 182 174 161 162 158 148 153 160
176 168 172 170 157 155 139 136 139 138 138 132 129 124 124 130 181 196 221 226 230 195 152 154 164 159 149 154 149 149 155 161 150 151 152 153 154 153 158 145 158 156 172 150 169 165 161 160 160 172 207 228 219 219 195 155 140 136 158 145 150 146 149 158 169 207 229 225 220 206 159 115 177 212 222 161 149 151 152 153 154 156 149 160 163 166 163 174 166 170 175
178 174 165 170 164 154 148 142 149 141 133 128 120 121 125 161 191 225 224 222 213 159 161 161 154 162 151 148 154 150 154 161 154 155 154 151 155 154 153 148 152 153 162 157 162 167 160 170 163 167 170 208 222 229 218 179 154 125 139 146 148 141 141 148 140 207 230 226 215 195 140 131 188 220 214 155 148 155 150 152 153 141 155 152 147 156 164 165 156 156 157
171 177 167 164 154 159 144 140 133 132 129 124 120 119 142 188 217 220 224 226 204 169 149 148 147 155 156 159 153 152 153 157 154 146 144 149 156 152 145 144 170 160 161 165 166 162 157 148 157 165 160 184 225 225 221 200 174 136 127 136 142 139 141 146 143 212 222 224 200 182 107 137 190 222 212 159 161 149 152 151 152 146 161 163 162 156 155 158 164 164 165
159 164 155 151 153 141 144 140 144 143 133 119 123 119 174 208 215 231 219 186 167 178 173 166 166 156 152 147 153 155 153 150 155 145 142 148 152 155 150 165 165 156 151 162 159 166 152 163 171 163 164 173 228 226 227 214 195 160 126 129 126 142 147 137 157 225 225 216 193 169 89 141 191 218 195 147 142 146 157 150 151 149 159 165 164 163 168 175 168 169 170
162 158 149 155 143 145 139 138 138 143 137 124 120 143 182 219 221 217 177 158 152 153 161 158 159 149 157 158 154 157 154 146 154 154 150 146 153 154 142 161 154 158 155 164 161 148 145 160 156 161 154 193 193 209 226 220 203 184 136 130 128 132 138 144 189 230 225 212 179 144 86 129 182 216 197 162 155 158 152 159 152 150 151 157 159 167 172 171 167 168 169
152 152 151 150 145 142 138 135 137 131 125 130 127 174 193 223 227 197 155 166 149 163 159 156 152 152 153 153 154 148 152 146 152 154 144 146 153 140 153 165 145 154 162 166 161 159 161 159 156 170 173 165 168 169 210 219 208 195 162 129 137 136 130 157 222 226 223 194 170 134 99 116 172 210 210 162 161 153 153 160 161 148 141 147 157 157 164 168 159 154 162
154 152 149 147 149 146 142 139 134 128 127 118 145 187 214 222 221 174 163 158 151 156 151 156 154 153 151 149 159 160 150 151 151 153 145 147 155 145 161 166 162 157 159 167 159 150 166 158 163 168 161 156 172 166 174 221 216 195 173 130 119 140 141 194 228 220 221 188 157 140 121 108 176 208 220 182 157 152 152 155 162 155 141 155 158 167 167 171 174 170 168
156 152 147 143 148 145 141 138 130 131 122 124 167 198 223 222 206 158 159 152 147 151 146 151 142 147 154 159 160 162 151 152 153 154 144 146 148 156 157 166 155 160 160 154 149 151 151 154 157 138 155 165 162 163 171 188 224 209 193 150 119 138 183 222 220 221 210 170 169 169 131 116 171 195 211 189 162 170 163 145 147 151 148 150 156 158 168 165 175 169 170
158 153 145 140 143 140 136 133 133 123 128 140 181 203 218 224 191 157 145 153 140 153 147 142 145 148 152 155 156 150 155 149 151 153 145 147 145 145 164 155 160 159 161 165 160 154 162 156 149 158 158 170 162 157 157 175 215 217 196 167 119 166 224 223 221 210 178 168 182 184 162 134 153 184 213 213 155 155 157 160 139 152 173 149 161 164 166 173 169 172 172
153 153 141 145 150 138 140 136 123 132 122 148 180 218 218 223 176 142 170 157 150 146 150 146 146 146 146 146 153 155 153 149 154 150 153 157 159 147 169 157 159 162 154 148 162 162 161 159 161 152 151 159 157 160 165 167 202 215 207 175 162 200 217 220 209 183 150 180 193 192 198 145 137 175 213 223 177 158 150 152 157 156 161 168 163 174 176 167 175 163 164
146 151 146 142 139 138 130 138 142 136 122 163 190 220 221 211 144 152 150 145 151 147 151 147 146 146 146 146 148 156 157 148 149 153 160 148 160 159 162 161 167 153 157 163 156 146 149 164 149 153 159 162 162 160 151 172 199 212 212 180 173 200 208 206 190 169 142 164 184 206 203 175 137 173 206 222 208 160 143 162 146 158 168 170 158 162 160 153 157 167 163
155 142 143 148 127 137 130 147 128 119 150 179 204 222 226 194 170 156 148 146 153 149 153 149 143 143 143 143 153 147 150 160 157 155 178 164 159 168 158 165 163 171 159 147 162 159 156 154 166 164 162 160 156 163 153 165 193 215 214 190 167 189 194 196 177 161 140 148 151 198 216 193 154 160 192 217 221 165 172 150 159 164 165 161 182 163 156 166 160 172 170
159 147 151 145 139 141 132 142 135 143 165 170 214 223 229 182 160 154 141 146 154 150 154 150 152 152 152 152 148 148 153 160 167 170 181 203 213 206 176 169 162 154 153 154 160 157 158 163 169 156 151 156 155 154 159 165 187 221 210 199 169 181 176 174 147 142 137 143 163 177 220 203 177 146 180 210 223 210 175 172 164 160 161 165 160 161 165 169 168 160 168
137 148 155 141 132 143 138 134 136 168 177 175 216 220 226 196 160 155 161 157 155 160 156 145 146 155 147 148 147 148 149 151 152 188 220 219 221 221 180 153 161 157 156 158 161 156 162 156 154 159 159 154 155 155 157 166 185 221 219 197 164 163 165 138 144 142 143 158 148 164 219 218 191 150 161 188 218 219 222 184 155 154 166 162 157 162 167 160 165 172 170
146 146 141 153 140 126 132 142 181 189 168 182 214 222 222 180 164 166 169 155 151 157 159 155 160 155 147 152 142 143 145 146 150 199 221 218 216 219 160 149 153 160 161 156 156 164 151 159 162 157 157 162 156 151 160 164 181 219 220 200 159 144 125 126 135 136 145 145 145 155 214 225 218 163 130 170 206 219 222 186 157 158 159 165 167 163 150 163 163 161 169
144 134 149 188 146 143 166 191 199 176 149 188 215 222 214 162 159 162 165 150 152 151 149 146 155 149 153 156 159 160 161 163 194 226 215 217 222 219 191 168 165 160 161 167 167 164 166 163 162 157 157 162 154 156 155 166 185 221 219 197 143 132 129 119 137 135 140 138 151 162 221 233 209 164 125 147 187 210 220 202 163 147 159 156 165 149 170 155 164 166 157
145 142 153 214 219 220 208 203 181 136 132 188 218 220 205 151 149 144 149 145 147 147 152 159 151 149 154 142 145 146 148 149 172 224 212 218 221 190 162 159 172 173 172 169 165 164 164 162 154 159 159 154 156 153 159 164 192 224 216 189 119 125 119 132 126 131 141 163 150 167 221 220 213 170 129 88 172 196 216 223 179 162 160 162 149 152 169 166 154 159 164
141 171 216 223 219 213 202 177 146 97 144 189 218 220 188 155 149 144 160 154 140 148 149 143 150 160 155 154 148 160 148 153 184 197 221 215 205 167 156 157 161 159 164 166 171 179 176 159 163 156 157 163 157 161 157 172 213 218 213 186 125 106 129 136 132 129 146 138 136 167 208 220 215 172 142 81 145 183 207 213 218 169 153 151 158 167 159 157 151 155 153
206 221 211 222 206 190 169 140 94 78 163 192 223 227 183 165 151 151 149 149 159 160 155 145 155 150 152 143 156 141 150 173 167 166 203 168 163 175 159 156 158 166 164 160 164 166 163 165 155 170 164 175 168 162 153 192 220 218 210 184 117 108 111 113 133 132 141 141 148 174 211 221 221 176 143 112 153 161 185 215 221 205 161 153 167 161 161 148 163 162 158
222 215 199 179 172 147 120 91 84 87 161 189 216 226 181 158 153 152 151 151 149 154 157 156 157 148 150 145 148 161 166 159 165 160 175 161 165 158 167 157 165 163 152 163 165 174 159 154 176 169 149 162 166 170 179 205 223 213 200 174 101 87 99 108 111 108 131 127 145 168 205 217 217 178 134 155 169 177 169 199 213 222 206 171 166 154 161 146 153 154 158
182 165 153 142 116 101 93 80 87 95 133 190 217 230 197 154 154 148 164 158 149 154 159 161 155 155 149 159 164 173 155 154 163 158 171 162 149 149 168 149 161 170 153 157 157 162 146 158 158 155 154 154 167 172 168 194 221 205 188 163 117 119 121 131 129 129 114 120 128 153 194 212 210 169 148 163 193 200 190 165 206 213 223 220 160 152 159 152 147 143 145
141 137 124 105 92 92 92 91 95 95 142 191 218 215 219 165 152 162 160 153 162 159 151 147 159 162 163 166 162 155 150 159 165 166 170 145 158 156 163 160 139 159 162 159 165 154 155 167 160 166 150 160 156 163 174 183 213 201 188 160 154 160 170 177 176 175 167 157 140 154 190 211 201 173 150 180 207 209 225 176 169 202 214 217 207 176 151 148 146 147 149
128 153 153 103 89 90 102 90 101 107 117 180 211 216 221 168 166 158 155 154 149 153 150 153 148 162 165 148 145 154 154 164 154 163 161 155 160 147 157 169 157 168 162 157 152 155 160 165 161 150 156 165 158 155 168 189 213 205 178 172 182 189 198 205 206 205 200 191 182 170 176 180 181 144 154 176 206 214 230 188 147 164 198 214 220 217 195 167 157 152 153
114 150 166 142 102 90 100 96 120 113 102 163 209 222 220 166 158 157 167 158 153 146 160 153 151 155 153 153 157 162 162 158 150 167 163 160 164 157 158 151 169 171 160 155 158 157 155 151 162 154 160 148 161 154 169 200 216 203 172 184 194 200 210 217 219 221 217 210 209 203 193 169 152 123 144 174 205 218 228 190 172 154 166 185 212 208 208 212 207 185 176
74 134 157 169 143 101 96 124 139 118 111 147 191 219 226 180 172 152 162 159 146 157 161 172 153 154 157 159 157 152 166 153 172 160 158 174 162 153 157 155 167 167 156 155 161 152 149 152 158 150 152 158 166 161 177 209 221 196 174 190 196 203 212 219 222 225 224 218 224 217 214 201 184 152 125 152 206 219 219 181 158 164 155 155 179 192 204 207 219 215 214
49 104 145 166 170 148 153 180 174 173 166 156 172 219 220 214 166 151 159 153 147 152 176 167 146 155 160 159 161 162 162 152 167 164 152 171 163 158 147 163 156 148 163 161 149 158 156 165 167 155 158 152 160 157 184 222 215 193 170 180 183 185 183 193 205 211 226 226 225 226 217 220 208 180 159 158 185 212 209 178 168 168 154 165 149 149 184 180 199 201 216
60 70 142 164 169 181 198 209 210 208 199 188 163 209 219 220 189 158 158 156 175 163 156 150 163 162 150 158 162 164 154 159 163 175 153 159 155 157 161 158 149 154 156 167 149 154 155 160 155 160 165 159 173 161 208 224 210 173 149 144 145 147 144 155 156 158 164 200 223 225 218 224 217 220 200 169 166 190 190 167 173 161 168 161 144 148 150 151 173 175 191
109 150 185 197 201 215 223 218 222 223 217 209 163 176 211 217 212 168 169 182 166 156 162 164 155 159 152 165 169 157 161 156 148 180 144 171 155 169 150 151 154 152 160 163 165 161 162 158 160 159 160 172 174 184 223 205 193 160 136 136 144 146 143 154 155 160 160 158 194 224 229 221 225 226 214 196 184 172 165 166 164 156 164 152 153 155 156 145 149 148 159
168 188 214 218 223 222 223 225 226 218 202 186 162 161 178 216 217 210 203 167 158 175 152 165 147 154 156 153 164 164 158 159 162 164 143 167 149 166 147 161 159 162 149 157 169 159 159 149 160 169 163 167 190 214 221 204 167 126 147 138 149 151 149 159 153 165 156 180 172 209 226 229 223 226 224 220 213 186 163 159 160 171 157 157 154 163 166 162 169 162 164
189 209 213 224 225 217 213 214 217 191 170 162 158 149 175 204 218 222 206 161 166 160 164 163 166 164 157 163 172 152 160 152 169 162 159 160 160 160 155 157 154 165 147 153 168 160 157 161 165 161 160 178 222 210 214 176 146 121 135 145 141 151 150 141 157 166 162 164 180 196 180 188 210 223 222 224 222 211 193 163 155 155 172 167 172 162 157 163 164 166 158
216 220 219 208 175 170 169 173 190 166 166 156 157 153 157 196 215 222 221 170 164 161 156 164 167 154 160 170 169 146 149 157 169 149 167 155 158 160 152 158 152 158 159 170 168 164 161 162 159 164 171 202 220 216 203 156 127 126 139 144 142 150 152 146 154 169 169 172 185 164 169 167 177 197 224 224 221 217 214 197 167 160 162 162 162 160 172 182 162 147 167
219 221 183 164 175 167 161 162 163 165 158 155 144 137 142 160 199 214 223 195 169 161 156 169 169 164 163 155 168 156 149 168 174 152 169 156 153 161 147 158 162 159 160 162 168 166 167 171 165 173 206 222 212 194 165 140 121 144 139 154 144 149 153 155 156 168 162 158 168 173 171 157 167 161 190 221 225 218 216 205 169 162 147 167 165 176 183 155 161 169 162
216 179 153 161 167 161 159 161 161 167 172 150 143 158 143 151 179 204 212 222 179 162 165 176 161 167 162 160 156 160 147 164 175 169 166 168 151 162 144 158 156 158 158 155 161 162 173 186 194 207 221 212 190 170 132 123 128 131 142 146 145 149 155 161 166 157 155 180 165 157 162 162 154 170 175 184 226 219 223 220 201 172 156 165 170 156 170 167 175 160 171
178 164 157 160 151 160 158 158 154 175 163 161 148 155 156 133 158 185 214 219 220 183 165 169 171 165 162 165 160 151 159 161 180 166 164 163 150 157 153 158 161 158 164 163 165 163 182 212 215 207 204 191 161 128 121 123 126 127 151 146 142 153 149 160 171 157 173 162 157 160 165 159 178 162 165 163 201 225 221 222 216 196 164 159 156 166 156 171 161 167 174
167 162 154 148 147 152 163 162 163 170 150 156 150 163 142 145 142 163 187 216 219 222 196 178 175 166 159 157 155 157 152 161 175 154 169 156 164 147 153 162 160 162 167 160 166 180 202 217 216 210 194 161 131 124 126 124 127 138 144 152 146 151 155 160 160 169 176 159 162 164 170 163 171 170 163 166 200 228 223 220 218 210 181 157 169 170 155 158 166 178 172
161 160 157 155 146 142 154 162 172 161 163 156 158 151 153 149 142 139 166 190 210 207 218 217 200 177 163 167 165 163 158 172 165 174 164 163 159 158 164 156 173 157 161 170 193 210 220 218 202 183 161 134 132 128 124 132 131 144 143 158 148 152 157 161 182 176 152 154 162 163 171 163 169 173 157 175 189 172 211 224 219 220 203 169 163 168 167 168 170 177 172
149 144 150 162 164 151 149 172 155 163 161 158 152 163 145 159 149 144 148 165 181 206 218 221 226 220 206 190 188 168 176 189 163 165 148 170 155 168 162 160 168 169 191 207 217 219 212 201 181 141 125 126 125 145 145 145 137 142 149 159 147 158 154 165 174 161 164 165 158 158 167 158 162 170 184 161 162 161 156 212 219 220 216 187 156 158 161 157 172 166 173
152 155 152 160 154 151 148 157 151 162 165 155 162 158 157 160 146 150 151 139 152 186 207 203 220 217 220 227 226 223 221 218 186 172 171 168 162 168 176 182 203 214 218 218 212 213 179 175 140 128 129 131 132 139 145 145 145 141 149 162 149 155 162 174 167 161 169 157 160 168 157 161 171 157 151 167 160 167 156 176 223 224 214 205 171 150 161 165 166 167 162
149 160 154 153 157 147 161 152 163 174 154 162 165 151 147 156 152 158 157 146 140 155 172 184 202 210 215 214 223 223 223 224 222 213 213 209 216 216 217 218 222 222 223 217 197 176 156 132 125 125 142 135 146 163 152 153 147 142 148 160 160 161 160 177 163 160 161 155 166 165 169 163 161 160 155 169 170 154 161 164 208 219 220 206 180 157 164 165 151 162 168
153 150 142 150 149 153 167 160 168 164 165 159 157 154 154 154 153 170 146 155 151 141 142 153 163 177 192 197 209 213 219 223 223 220 223 216 212 213 214 214 217 198 192 178 163 140 134 132 137 150 139 141 147 148 137 154 157 150 153 163 169 178 178 170 163 167 148 165 152 173 173 166 163 156 157 169 145 161 161 166 185 216 222 211 184 156 158 155 170 159 152
159 163 153 152 154 175 154 153 155 159 172 155 153 155 162 166 157 156 148 154 156 145 143 151 148 148 155 164 179 186 195 203 215 217 222 213 213 208 202 197 188 165 166 154 134 151 134 137 142 143 138 143 146 146 153 159 168 160 161 170 174 167 176 161 176 159 159 170 169 156 164 157 167 156 165 157 165 161 145 152 166 219 219 216 193 163 161 156 150 152 161
159 155 160 149 157 156 148 158 150 161 170 156 153 169 157 157 156 157 157 158 152 143 162 153 158 159 158 149 145 151 160 155 167 181 184 175 175 167 164 166 171 176 155 153 151 144 140 142 143 145 155 149 155 154 150 150 151 169 168 168 171 189 163 168 161 162 176 165 147 158 158 156 162 167 164 155 157 157 159 160 154 193 221 221 206 179 158 156 156 157 159
153 149 158 166 165 163 157 160 156 158 167 162 162 161 149 163 162 159 156 153 161 151 168 157 159 158 173 168 139 146 197 196 184 166 132 103 125 161 188 190 196 162 159 150 147 150 148 142 150 159 152 153 158 156 163 161 169 173 192 196 191 210 185 165 186 170 168 167 167 153 159 160 163 150 152 166 161 158 155 153 157 180 221 218 209 180 156 152 158 159 161
157 158 155 160 170 166 164 156 161 159 168 167 147 162 163 164 163 160 156 154 156 151 153 148 161 154 165 162 154 183 209 211 210 185 135 89 129 168 200 205 185 152 148 158 157 162 163 159 161 169 161 160 164 169 166 171 154 167 199 213 218 228 210 173 174 168 157 164 164 162 153 164 154 163 165 159 147 149 152 154 158 168 215 217 211 184 163 161 161 162 164
163 156 148 165 169 164 164 148 162 162 171 168 160 164 164 149 158 159 159 160 153 159 141 147 157 154 161 169 182 190 199 218 217 204 154 96 150 188 213 210 191 153 155 156 148 146 148 154 162 164 175 170 160 157 157 154 159 189 205 217 219 217 209 172 159 159 176 160 150 157 163 157 161 157 154 153 159 159 157 156 157 164 206 218 212 189 175 177 163 164 166
155 149 152 163 155 160 175 160 161 163 170 174 169 166 169 155 155 164 155 150 165 155 157 155 166 165 175 153 158 168 177 215 222 214 168 110 166 206 215 221 184 153 147 152 155 160 164 166 152 160 153 150 158 154 160 156 169 166 193 216 221 216 212 193 167 158 170 164 158 163 160 168 166 153 164 159 159 160 152 156 163 166 213 216 212 184 170 193 189 170 174

2 11587
3 640
1 355
4 5
0 17

2 11686
1 358
3 497
4 9
0 8

2 11542
3 719
1 426
0 5
4 4
